9.247594
7.672818
7.248710
9.051008
4.877771
3.262442
0.783762
8.850141
7.303566
5.887205
3.632480
0.350747
3.592394
3.404236
2.152498
5.887933
6.323736
5.930667
6.176301
1.818094
8.952042
8.217984
8.315058
-0.170283
0.144305
7.541441
8.190417
9.274731
2.323643
6.627757
4.024363
8.098868
5.881425
0.837243
0.756419
6.760039
2.514076
4.650138
4.058591
2.712595
6.446857
8.189122
5.058146
0.029927
8.504097
4.732168
8.745289
4.664713
3.924283
6.155500
6.269136
2.889580
8.527126
-0.409030
5.974505
4.724996
8.343958
3.648677
0.919375
3.030073
4.797683
1.564621
7.330391
7.055786
5.114407
2.919913
2.408653
8.210904
1.732229
2.862166
2.278958
0.287908
6.605024
0.664176
1.786115
5.989367
-0.291315
2.383004
8.565349
5.363687
1.856377
8.434386
0.576364
0.174791
8.591287
7.525847
7.901925
8.390903
6.410486
5.240425
5.267243
7.937785
5.019935
-0.308774
8.250216
4.393631
5.853856
7.042063
4.148308
7.001308
