9.669606
8.049420
7.766993
9.686460
5.515738
3.628475
1.222561
9.445180
7.820314
6.355751
4.198920
1.038316
4.130091
3.858673
2.643069
6.296602
6.747039
6.494388
6.539524
2.110679
9.357643
8.804404
8.799073
0.252717
0.574436
8.085241
8.805703
9.791628
2.786175
7.252102
4.448957
8.624220
6.208578
1.316621
1.255145
7.149189
2.945812
5.175096
4.648213
3.176274
6.980289
8.512237
5.649114
0.552466
9.046076
5.270290
9.314693
5.100630
4.507031
6.559554
6.780485
3.549585
9.080060
0.110355
6.606061
5.314690
8.857625
4.124260
1.300551
3.443521
5.338888
2.003827
7.874448
7.544054
5.593474
3.360466
3.046927
8.562664
2.191139
3.413701
2.858880
0.679194
7.034945
1.233865
2.272181
6.402271
0.260944
2.904013
9.200615
5.947654
2.442042
8.981566
1.092245
0.449888
9.254293
8.053366
8.306082
8.880518
6.965759
5.771462
5.563090
8.349265
5.601367
0.050324
8.674544
4.883122
6.199743
7.454887
4.604076
7.549889
